0.50744 0.912316
0.76833373 0.24783164
0.54024327 0.57402146
0.32927102 0.9116634
0.43445516 0.9193961
0.26596296 0.8218863
0.2775088 0.22706467
0.638667 0.8235042
0.9710014 0.52035475
0.41678935 0.63859445
0.67059255 0.6979905
0.64032364 0.52685815
0.262132 0.8022947
0.7497559 0.63398904
0.007040441 0.23971069
0.06380135 0.66244256
0.6469391 0.5245129
0.6275117 0.6757417
0.4068879 0.84271777
0.8872377 0.05121529
0.9156598 0.5131083
0.50919217 0.8951111
0.85491323 0.6909372
0.72787046 0.034257174
0.9768846 0.5136548
0.19160873 0.51173645
0.5510726 0.34700018
0.9542152 0.14028239
0.3349899 0.22126555
0.1642918 0.49555832
0.67399824 0.4372328
0.056683898 0.20013213
0.7570312 0.09120935
0.6913759 0.3268119
0.87603384 0.49086642
0.19096845 0.080635905
0.9853648 0.5363036
0.75555295 0.7903465
0.72689694 0.89292115
0.42266703 0.49927932
0.93878806 0.43598014
0.13329017 0.27822548
0.49970698 0.34460396
0.14677042 0.32997835
0.5367331 0.67487645
0.93481725 0.2409069
0.7675895 0.48013353
0.77108383 0.7356037
0.38587165 0.5439642
0.035956383 0.82010263
0.93634987 0.74262434
0.050275862 0.72457474
0.31600744 0.93457836
0.95067054 0.9582895
0.25379437 0.04153043
0.5523212 0.6591214
0.2673204 0.5343496
0.16614765 0.40077764
0.63932824 0.6534079
0.8915007 0.29083282
0.051348627 0.8710717
0.40349835 0.0024930239
0.21819925 0.74417317
0.6614634 0.3678732
0.48838496 0.59259576
0.42120326 0.08349246
0.87014925 0.15996742
0.005281806 0.3187924
0.060697615 0.14566058
0.8981579 0.75753236
0.683949 0.50369775
0.06652975 0.95600224
0.9242358 0.7700707
0.017559588 0.5498627
0.4254961 0.5353686
0.6963292 0.18912
0.075118124 0.58952737
0.49901152 0.05776018
0.36794996 0.63839525
0.16815585 0.8178774
0.018594146 0.72990525
0.38533008 0.57901263
0.053468764 0.2039637
0.07642949 0.057259202
0.6275789 0.55443645
0.95735383 0.82134616
0.18462557 0.5189217
0.973048 0.6769851
0.959468 0.5311516
0.2697577 0.608508
0.020353615 0.093723774
0.41057247 0.6841622
0.015952408 0.47597247
0.97938234 0.52564085
0.93277466 0.5285807
0.07056981 0.13374227
0.4579628 0.34729117
0.7521097 0.41807854
0.12080616 0.6250279
0.10538596 0.30957818
0.41734922 0.0032379627
0.027072132 0.8623433
0.6157933 0.9959534
0.7618633 0.643861
0.25291872 0.7549866
0.46031266 0.8319207
0.19023675 0.8048866
0.9376122 0.38298
0.49894267 0.26375312
0.3935638 0.36747384
0.6632453 0.7762775
0.898215 0.15432727
0.09502381 0.68595
0.7922165 0.42855757
0.5238217 0.56896895
0.20983386 0.49348915
0.49937248 0.75999296
0.3036713 0.5729058
0.851568 0.4054984
0.32051098 0.7520867
0.053020775 0.1855815
0.31881493 0.85343254
0.38504994 0.08726686
0.20126843 0.0034114122
0.82253164 0.77587277
0.40179288 0.9742341
0.36924565 0.34554905
0.35016805 0.8374262
0.13313484 0.23500788
0.52626765 0.21407121
0.27255625 0.4512989
0.4489861 0.55278355
0.6258184 0.5396521
0.92715824 0.19306421
0.027625918 0.5413427
0.92393345 0.22878295
0.3936541 0.27616465
0.17087358 0.59289765
0.5833145 0.34427845
0.40591663 0.07972902
0.47089887 0.5539738
0.56247437 0.7789304
0.391052 0.88951325
0.5038642 0.7679186
0.9508148 0.5054024
0.48298138 0.32866997
0.722423 0.85418373
0.9071988 0.35481793
0.9870119 0.71416235
0.6533473 0.9791903
0.17673576 0.55273587
0.56522036 0.9501677
0.5260978 0.21739197
0.37770265 0.12000775
0.089883745 0.3554399
0.8309203 0.94571126
0.040859103 0.3867069
0.20846844 0.8922005
0.954391 0.81390333
0.9081168 0.0406729
0.8961393 0.05558026
0.9333127 0.33572143
0.3240589 0.37035644
0.68775797 0.865857
0.95092136 0.06349653
0.90940064 0.7556557
0.88779277 0.60097665
0.30531156 0.35434586
0.4766168 0.96720994
0.07355785 0.71410096
0.8037529 0.92586577
0.16723514 0.17514557
0.26643807 0.17193127
0.4047476 0.57748985
0.8508397 0.194413
0.6389763 0.2714643
0.9465921 0.70061433
0.88000524 0.6069064
0.60655046 0.89752454
0.020343244 0.52172005
0.89631313 0.18312997
0.42492056 0.9503148
0.69277245 0.8844378
0.04236746 0.33745486
0.3568318 0.6002223
0.91601396 0.9700883
0.04221922 0.61576825
0.38722217 0.059195936
0.17331272 0.23841143
0.5346222 0.7797876
0.33528572 0.6203137
0.5052258 0.74168146
0.2818308 0.33367515
0.29647046 0.6492179
0.07950705 0.5897447
0.89710474 0.19792593
0.366767 0.6025154
0.4537459 0.018230915
0.6893334 0.37507975
0.6552674 0.8134422
0.9633813 0.72219884
0.44409734 0.25079757
0.34537584 0.98196864
0.833133 0.39860404
0.517617 0.118270636
0.6493319 0.53404504
0.13666028 0.73242646
0.05906242 0.9068123
0.13931578 0.5044804
0.93552387 0.406569
0.09532368 0.4886164
0.13317949 0.09232563
0.34852284 0.9922171
0.855412 0.12764174
0.3125735 0.926178
0.0072703958 0.6341734
0.5599641 0.6489211
0.384641 0.431154
0.30715615 0.75410765
0.8461052 0.55758613
0.37968606 0.80142343
0.12997502 0.630178
0.81714624 0.31636977
0.9961452 0.36863667
0.53340405 0.45220083
0.20796281 0.112816095
0.6734463 0.7420104
0.54396856 0.88639843
0.4339459 0.59033096
0.6201473 0.5755981
0.20305681 0.85784495
0.32390058 0.62971926
0.6096527 0.56259143
0.08246952 0.7936254
0.6372653 0.28740633
0.655471 0.07755959
0.45817697 0.21583116
0.17037863 0.09451693
0.6247434 0.6569565
0.06595248 0.29241812
0.021657407 0.07971519
0.6914162 0.4791903
0.11404294 0.6050258
0.9530155 0.30826288
0.32093108 0.06619698
0.06910455 0.5890812
0.5484846 0.84366727
0.46523845 0.8690289
0.67433983 0.023122668
0.3384034 0.30024427
0.6957686 0.4387365
0.13936585 0.5495678
0.581774 0.44639063
0.11212367 0.08306831
0.32673007 0.56486666
0.2235474 2.4467707E-4
0.9908195 0.97794557
0.1494577 0.8638543
0.8794475 0.15521252
0.06621909 0.38337845
0.8647783 0.61806005
0.96142447 0.60447115
0.53753674 0.691317
0.50700253 0.4519319
0.8281005 0.048054457
0.41654003 0.77128303
0.34527594 0.44070262
0.24312514 0.07948065
0.8544625 0.21760136
0.94175017 0.33841115
0.5170242 0.88824797
0.18165231 0.5841164
0.9106477 0.89558697
0.5092593 0.3012967
0.6512348 0.06913513
0.19933999 0.8884359
0.92809844 0.24526572
0.40483546 0.04597336
0.8667272 0.12388563
0.7515301 0.9544212
0.30477464 0.7596474
0.75547713 0.45834386
0.6751257 0.8182463
0.3935085 0.16375977
0.9394275 0.3118611
0.6368111 0.047890306
0.45152128 0.7131665
0.5055165 0.51781636
0.6876125 0.14767694
0.39427292 0.33161414
0.96393025 0.60187674
0.1838634 0.8797431
0.57206726 0.6043096
0.071241975 0.3598051
0.94398665 0.36426783
0.17409825 0.4737072
0.8115383 0.6125852
0.8661615 0.6213877
0.06129843 0.49957627
0.9383963 5.430579E-4
0.6170762 0.6780439
0.3802321 0.29562402
0.26548904 0.19428897
0.7324837 0.569802
0.5568349 0.5128072
0.6222378 0.84301794
0.7455643 0.15312225
0.21085483 0.87515897
0.97811913 0.6170004
0.6568668 0.33322132
0.76047254 0.968641
0.6831646 0.44003838
0.033850074 0.11284381
0.690497 0.83485353
0.4606412 0.6012976
0.9105452 0.4708042
0.6506293 0.42689657
0.30416262 0.5585585
0.9782368 0.053232193
0.7069532 0.44120592
0.61644137 0.5598377
0.15856463 0.12973964
0.9860311 0.7422981
0.72825867 0.119877815
0.34833628 0.8213322
0.95139325 0.37877947
0.20825964 0.8695721
0.17407393 0.99805546
0.739308 0.8756625
0.48519784 0.8894611
0.04977739 0.6897657
0.28661066 0.28420174
0.82536626 0.46546036
0.8245704 0.08289719
0.5162834 0.51825356
0.27277946 0.6150387
0.58710814 0.1656434
0.5323081 0.11635578
0.85293657 0.5620679
0.9352626 0.60439724
0.7897879 0.49641538
0.15848571 0.020866454
0.85447544 0.35523397
0.8198593 0.7560835
0.307764 0.70896137
0.7983952 0.11791855
0.9961839 0.94290406
0.268943 0.6818207
0.9668484 0.5576275
0.08096182 0.9248902
0.34681392 0.52496576
0.85904217 0.23340493
0.029834867 0.7327306
0.9400706 0.9250949
0.24282777 0.0798071
0.34451872 0.41437322
0.769618 0.43326443
0.7799187 0.08688128
0.26767647 0.57799685
0.74582416 0.52280015
0.9997867 0.98539007
0.8244521 0.78579617
0.5225004 0.833881
0.75086015 0.46951425
0.82511646 0.008443117
0.45167357 0.20042259
0.9270351 0.23127311
0.47020572 0.6696916
0.14484346 0.9085973
0.8932945 0.59689564
0.64852184 0.97025913
0.28763652 0.5020091
0.6553856 0.3951401
0.4719674 0.35406137
0.3601464 0.23523146
0.09779441 0.78677905
0.7389928 0.4430806
0.6402142 0.5746501
0.65749264 0.58219224
0.09696829 0.27155763
0.28738272 0.41703552
0.6578104 0.4749846
0.31981397 0.005225718
0.7873455 0.44060558
0.32300675 0.38935363
0.35401303 0.6880592
0.2483679 0.5884881
0.80219245 0.659343
0.28375077 0.13727427
0.9506434 0.8542833
0.49615747 0.30018175
0.1355462 0.34217852
0.43857193 0.8412804
0.4972337 0.24852467
0.3347804 0.7537815
0.5052669 0.40081686
0.8812697 0.8280594
0.14747757 0.50152725
0.7526503 0.6250873
0.052102506 0.866203
0.88675165 0.93664414
0.95550543 0.9919837
0.1266362 0.5705237
0.1892721 0.029820025
0.60171163 0.46332186
0.25719345 0.9858312
0.26358277 0.8382099
0.15005559 0.22766852
0.20039487 0.41919684
0.4399556 0.9092808
0.0656932 0.8612604
0.41618705 0.22121054
0.11262858 0.7474464
0.04817444 0.06077665
0.57113147 0.69178087
0.3990478 0.22896266
0.5085408 0.13381976
0.9631681 0.5353253
0.7706356 0.20422077
0.9593985 0.3952796
0.3377272 0.75244313
0.29708922 0.1805141
0.3372872 0.20482618
0.7702186 0.009286165
0.27402693 0.95080966
0.9368966 0.85738784
0.21369815 0.98084545
0.97215384 0.007404804
0.07268405 0.40057188
0.61053985 0.5154008
0.21189153 0.3034808
0.9472518 0.28265756
0.2133925 0.09992701
0.96915334 0.3719638
0.511392 0.604146
0.0148028135 0.9539389
0.07972759 0.8274415
0.37412053 0.873985
0.8762629 0.91383666
0.96593595 0.6410743
0.76511836 0.37651008
0.17188442 0.8243385
0.41390973 0.14995354
0.8884703 0.08672416
0.27506107 0.4324897
0.860196 0.113635
0.18562663 0.51276267
0.6422608 0.9871855
0.8209937 0.751389
0.20720643 0.59873664
0.49992537 0.43967116
0.7628274 0.87058306
0.7273504 0.79181546
0.46779537 0.12471366
0.20455563 0.57302547
0.53956753 0.5815959
0.80760527 0.74951535
0.92901343 0.6816017
0.020322442 0.92552435
0.14523393 0.8390424
0.08065158 0.11186439
0.97811073 0.053990364
0.74601996 0.09801978
0.05347407 0.31548953
0.91872746 0.9406356
0.7582564 0.9541529
0.46625447 0.37237597
0.23651111 0.9148449
0.054127038 0.2299977
0.93584687 0.6118688
0.7414542 0.52680826
0.47097236 0.6061197
0.018288314 0.47945368
0.7748071 0.080605686
0.031274736 0.7205839
0.5441178 0.61268646
0.4285075 0.038136482
0.06642693 0.26789004
0.19709718 0.8629078
0.22477543 0.3189394
0.88654417 0.5361306
0.8229366 0.04152459
0.50364065 0.16978633
0.38908637 0.94658494
0.7257896 0.043860674
0.85684866 0.13915408
0.548866 0.9554847
0.57194245 0.1109736
0.70223665 0.8836871
0.103470564 0.9893442
0.8863174 0.7138813
0.89085466 0.31974345
0.38630968 0.6017902
0.7119822 0.49479818
0.3384766 0.46221286
0.24600631 0.8976345
0.9501117 0.4586107
0.25925916 0.47984052
0.46100676 0.7272369
0.8796078 0.2541203
0.50669694 0.8754924
0.6358453 0.5998412
0.78742546 0.61869496
0.020765364 0.23439485
0.30785865 0.5866251
0.7571111 0.83908135
0.7891097 0.9611614
0.3392064 0.45399588
0.0026117563 0.7499166
0.46462303 0.97181517
0.42092723 0.87892485
0.18680876 0.69875497
0.7489696 0.11390525
0.42333055 0.24815786
0.27795106 0.88155997
0.49287355 0.8328327
0.5810067 0.18268847
0.37608904 0.44931942
0.65182585 0.9822331
0.19951808 0.72868997
0.35833526 0.07755518
0.6001409 0.0015866756
0.79284114 0.3786713
0.88636327 0.2623772
0.14567864 0.104638636
0.6819824 0.12430012
0.50834376 0.71325755
0.82905155 0.6091981
0.5632915 0.5532958
0.59231544 0.22073555
0.816485 0.085556746
0.768858 0.14174241
0.50847125 0.8031726
0.1353237 0.026150942
0.12745762 0.7113251
0.14571863 0.26362115
0.8153689 0.5434952
0.90090567 0.50145197
0.86672294 0.94048524
0.74979764 0.8298801
0.95675623 0.615209
0.53996086 0.5945643
0.4488098 0.55995333
0.53440356 0.12310439
0.7212483 0.8615837
0.61307395 0.7482289
0.7274136 0.12638426
0.23338151 0.038906932
0.75099874 0.7055419
0.8257396 0.24349302
0.79183316 0.21768606
0.1282028 0.78902537
0.13167238 0.9101385
0.16334873 0.67561954
0.29810512 0.75791895
0.11616856 0.5095364
0.707887 0.12078047
0.56000876 0.37223577
0.82626283 0.35648257
0.63926136 0.77908444
0.22101414 0.5534292
0.09376323 0.74131435
0.18151635 0.6745581
0.074956834 0.41416997
0.23918122 0.48675036
0.99671733 0.90110224
0.15187901 0.49897927
0.29119396 0.12575167
0.9415596 0.7395682
0.6647635 0.9647014
0.73818237 0.99597335
0.7763917 0.09466261
0.31323045 0.8734493
0.5669408 0.11519164
0.792963 0.8841209
0.069188416 0.25895292
0.74147695 0.1296143
0.76913184 0.10563862
0.08332324 0.7397819
0.036296308 0.76158494
0.3400032 0.7834062
0.29798448 0.14532465
0.7227735 0.83672935
0.9611321 0.496112
0.43205863 0.77349955
0.5808166 0.32050967
0.31540036 0.12867415
0.03024435 0.40346098
0.26107466 0.20921522
0.13359332 0.82657695
0.75070435 0.3701555
0.11579323 0.8798513
0.61762255 0.6070498
0.21385193 0.79820395
0.39598876 0.8371884
0.61962074 0.9534235
0.98686224 0.9742154
0.56026137 0.8484294
0.5481782 0.37742478
0.9710567 0.2678793
0.87347627 0.2854368
0.16213226 0.39142066
0.71374625 0.103765845
0.09060258 0.5869497
0.867645 0.6023413
0.8298937 0.16212308
0.8008555 0.47153574
0.91284263 0.5616473
0.57625556 0.06534225
0.87137705 0.50272214
0.68623495 0.33321196
0.37819177 0.65654963
0.063352585 0.8144879
0.59059846 0.48100168
0.39427263 0.16509801
0.04206848 0.5146502
0.8136957 0.06259692
0.9639054 0.15664053
0.94190204 0.98488295
0.67483085 0.39564884
0.7621658 0.41194177
0.4435774 0.08226502
0.3042218 0.8000628
0.9798861 0.19093806
0.16672492 0.04695469
0.6479943 0.2559268
0.35431296 0.57223135
0.06854284 0.60321105
0.27597618 0.89471686
0.021050334 0.24846923
0.58354926 0.16298223
0.26789355 0.67662716
0.867827 0.697373
0.2602566 0.98481286
0.93545467 0.8771854
0.23593861 0.24767792
0.56163377 0.98967654
0.69426346 0.40497923
0.6629467 0.80196583
0.5357007 0.15941948
0.07527566 0.8817099
0.67765236 0.8275681
0.67966944 0.9573947
0.62522477 0.39902043
0.6124162 0.12711173
0.509655 0.5650759
0.7534219 0.9714495
0.9279994 0.48983556
0.20812875 0.4107548
0.07161683 0.4867924
0.46555632 0.38852376
0.8862515 0.45814693
0.650145 0.40923828
0.6997926 0.9762587
0.9186401 0.58156043
0.38947016 0.34407043
0.99591 0.321478
0.98866457 0.027843475
0.54311174 0.0421499
0.7194233 0.16677272
0.19736582 0.29672885
0.9680174 0.106564045
0.4660504 0.99218017
0.63826704 0.59206414
0.6577987 0.5060862
0.13169509 0.8084682
0.9703623 0.4948073
0.21181947 0.73735136
0.15996939 0.67026967
0.7454266 0.55134773
0.97713923 0.62095577
0.85499847 0.014564574
0.7322709 0.30826533
0.92865676 0.03269452
0.89178866 0.31586057
0.44934314 0.8048759
0.026596189 0.5895391
0.11052281 0.87835705
0.3158266 0.37890744
0.4067182 0.9265319
0.577423 0.15467137
0.88841987 0.14665848
0.12039906 0.031574845
4.683733E-4 0.16778725
0.9563412 0.38069785
0.25376123 0.6912906
0.530944 0.96138436
0.92993146 0.20380378
0.4009394 0.37522846
0.714452 0.25559092
0.4474339 0.078706026
0.69813377 0.46781278
0.1952644 0.94449484
0.9250872 0.13237631
0.43352836 0.16253239
0.57380986 0.27193397
0.5907633 0.94693196
0.58048844 0.76882166
0.23470223 0.083902836
0.6544518 0.7213499
0.69449615 0.12736082
0.0020731688 0.52174634
0.28219992 0.93504274
0.5311409 0.43784744
0.35938942 0.029798448
0.106705904 0.78646654
0.9906982 0.6383631
0.08693308 0.52154106
0.7128829 0.34891343
0.72247225 0.35757726
0.6887494 0.05597937
0.75961673 0.99335593
0.036154628 0.57952154
0.09706235 0.84857744
0.20798069 0.5888409
0.39458716 0.6359961
0.52951485 0.42719138
0.035557628 0.21287274
0.03357178 0.3863865
0.045425653 0.53198934
0.9976401 0.3011554
0.43133366 0.752646
0.44015795 0.91740143
0.69081247 0.054891706
0.95660746 0.3998177
0.6567904 0.68644834
0.61750484 0.36132675
0.96258897 0.1767785
0.58805233 0.3422891
0.9877474 0.41584963
0.09405583 0.4242367
0.29626864 0.7191251
0.5544748 0.26225132
0.8015009 0.122468054
0.7882163 0.6900362
0.83055204 0.34439868
0.2557583 0.013781428
0.19376093 0.163549
0.2697109 0.042359054
0.2910555 0.80145574
0.76202923 0.302598
0.4559785 0.30920994
0.975415 0.957589
0.75292337 0.7399098
0.49054402 0.07077515
0.86265624 0.19343132
0.5805967 0.2835778
0.59385806 0.2796837
0.48405468 0.6879645
0.21968037 0.53020847
0.89157164 0.55422205
0.1559881 0.37572485
0.46127933 0.0058619976
0.23677552 0.799193
0.98886025 0.88179564
0.4277013 0.87241465
0.7591941 0.92715496
0.3428107 0.845701
0.2925827 0.35152835
0.27902478 0.688645
0.70674783 0.84947425
0.1835835 0.93487394
0.041636407 0.78266066
0.017399251 0.13672644
0.41136628 0.3778363
0.68863666 0.711918
0.20126909 0.7432641
0.38252294 0.5224323
0.04426211 0.8961617
0.7077758 0.20195633
0.03952676 0.037163377
0.94154435 0.7785342
0.23409879 0.950016
0.19048536 0.54336846
0.28253275 0.9907818
0.6923988 0.6843682
0.11339688 0.5363088
0.9204383 0.60727775
0.05529821 0.9959756
0.2927513 0.28559214
0.6167705 0.4927464
0.37890846 0.89592755
0.16172653 0.12859434
0.7935038 0.59614784
0.9235282 0.034337044
0.5975909 0.9221653
0.48832285 0.55788314
0.06237662 0.68911815
0.029949784 0.82318014
0.6269142 0.7432828
0.7993969 0.48542762
0.6630669 0.72919345
0.38130546 0.07494056
0.25691944 0.52326417
0.94602937 0.567402
0.68854487 0.69845974
0.83962816 0.34877717
0.9938319 0.9132004
0.023277164 0.42238784
0.9703673 0.91945434
0.40193558 0.3200301
0.80552363 0.42475653
0.13193274 0.71886384
0.6974098 0.72509354
0.76570374 0.5753674
0.05942887 0.27003098
0.6210485 0.9547805
0.7932966 0.66374075
0.8584648 0.12225044
0.058739662 0.04705143
0.44959944 0.39393252
0.9568742 0.65087587
0.34098852 0.37306046
0.9068042 0.3708914
0.2819522 0.7058032
0.71000516 0.06976467
0.5488947 0.84521353
0.059984207 0.3046561
0.24084121 0.5740087
0.46757066 0.19422013
0.60165304 0.9841432
0.18608809 0.7943367
0.81982523 0.7289094
0.86100954 0.4517566
0.64536583 0.50687325
0.23891139 0.18871474
0.9751124 0.25810128
0.6422913 0.85428894
0.04624504 0.85164404
0.6190363 0.3458981
0.2489397 0.59016573
0.29830992 0.4105184
0.12225181 0.27978355
0.48582906 0.7195436
0.70238966 0.04197079
0.80085135 0.8270535
0.5939823 0.91574186
0.41045672 0.43893462
0.4181891 0.3474986
0.008403897 0.10823208
0.9742856 0.25937742
0.4334774 0.5417213
0.83640397 0.9016475
0.43254942 0.91404825
0.7263215 0.7249822
0.11169779 0.8632437
0.17665273 0.28493696
0.93820643 0.48138475
0.9495003 0.74085987
0.719857 0.8124774
0.7389722 0.19647735
0.018042803 0.04612279
0.45466083 0.949404
0.17781699 0.12508243
0.096756935 0.9895162
0.85126483 0.7597919
0.9259042 0.6184598
0.112905264 0.9692426
0.53470296 0.7045283
0.11509454 0.6045531
0.6173272 0.23422778
0.42949325 0.2682376
0.32964468 0.9514719
0.39827108 0.06878799
0.54868096 0.48562264
0.14756352 0.1270644
0.63241804 0.35984802
0.4569437 0.6814464
0.68795276 0.21154505
0.65149814 0.7187438
0.6506737 0.4913643
0.07384324 0.52095306
0.12048769 0.5203706
0.06878823 0.17271912
0.7189415 0.014562547
0.43234295 0.79547465
0.40297574 0.9919526
0.21537983 0.9866126
0.33619457 0.25856346
0.52155465 0.2880817
0.8808219 0.99723417
0.66543704 0.31737065
0.06883156 0.9038528
0.23786986 0.52374643
0.8642457 0.3218457
0.42993414 0.39432067
0.65682566 0.53953934
0.3408504 0.1722349
0.75379056 0.54413974
0.03909397 0.9061612
0.907068 0.23438418
0.613547 0.53055644
0.11046034 0.92112905
0.43694842 0.7933135
0.31729454 0.71106595
0.6180735 0.8436799
0.814959 0.14739841
0.034864843 0.70668125
0.50821066 0.8029225
0.29832768 0.60332423
0.31414235 0.50127876
0.03133613 0.9281602
0.9617274 0.9125043
0.57228273 0.2407862
0.069086015 0.9320583
0.5015533 0.93865997
0.17013103 0.50744045
0.6489474 0.59448206
0.5739115 0.65785176
0.6044783 0.76662576
0.65420735 0.927746
0.7022157 0.6471016
0.55195034 0.15656036
0.3608352 0.9750692
0.11551213 0.8381142
0.6089861 0.262891
0.3774497 0.23934591
0.6864955 0.9805848
0.3217618 0.081454754
0.41929173 0.0991655
0.2400707 0.4496085
0.60107845 0.68737686
0.011784017 0.09029496
0.45798445 0.25333637
0.7486747 0.010317683
0.7110396 0.7127878
0.012078285 0.5333911
0.9636652 0.6858151
0.9643682 0.1714701
0.8389317 0.1899876
0.11574364 0.37190104
0.37901676 0.06390095
0.16204786 0.043049216
0.0020205975 0.85499173
0.10229492 0.9257165
0.8965427 0.5558063
0.8508756 0.54992044
0.69834596 0.7752382
0.4638034 0.6959834
0.08487576 0.92208946
0.31404895 0.68945026
0.48680544 0.90770453
0.5278821 0.6183724
0.60901475 0.85122687
0.15475476 0.07465416
0.92198664 0.14156175
0.578665 0.77768713
0.9204491 0.38854837
0.5464834 0.34687096
0.6132326 0.15093017
0.6203069 0.092400074
0.584223 0.6506566
0.43980485 0.83226514
0.47104478 0.32750243
0.22909647 0.051509917
0.7274766 0.4530015
0.39741546 0.7840076
0.21782595 0.2003699
0.18636835 0.7762267
0.35858476 0.2890492
0.78213674 0.98275506
0.086803615 0.69500256
0.8260519 0.11708784
0.9961179 0.46841288
0.41472936 0.6382971
0.76954603 0.8674456
0.27378404 0.10273105
0.37339938 0.8510219
0.57518 0.40237874
0.2010436 0.1473983
0.22653854 0.78697294
0.32720053 0.29342937
0.54333496 0.6682583
0.38706577 0.70028216
0.6422464 0.7660741
0.14110506 0.37755114
0.06323987 0.6355703
0.05136466 0.57772756
0.6892021 0.54332423
0.45395374 0.25382328
0.35409582 0.9773103
0.010405779 0.5873347
0.7985008 0.8957576
0.15716356 0.9749308
0.6095403 0.5063884
0.5618055 0.582527
0.6030226 0.668079
0.026637077 0.16169715
0.7892802 0.612493
0.5245516 0.52942514
0.08775091 0.8552227
0.9596651 0.84126407
0.73577195 0.78586864
0.10040754 0.4593864
0.61695194 0.051956892
0.8369123 0.011810303
0.21469182 0.5160955
0.74351954 0.03326559
0.64660174 0.7680269
0.19479 0.5697382
